HR043129555	HR04266115	HR039129545	HR044129550	HR088(153090	HR00566088	HR084153102	HR079153109	HR106153073	HR082153083	HR091153110	HR089153094	HR085153095	HR076153092	HR094153114	HR096153096	HR095153091	HR093153086	HR078153120	HR087153104	HR01066095	HR081153080	HR086153084	HR090153075	HR077153089	HR083153098	HR103153088	HR105153099	HR099153101	HR011153108	HR098153107	HR038129564	HR068129554	HR054129543	HR004153142	HR047129537	HR05966090	HR00666109	HR00966092	HR01666113	HR02766083	HR01466099	HR003153116	HR037153113	HR060129529	HR051129553	HR028153100	HR048129547	HR026153163	HR02266078	HR02466118	HR01866100	HR050129524	HR00166114	HR030153160	HR007153154	HR045129561	HR062129546	HR052129548	HR03166102	HR032153164	HR023153112	HR067129542	HR04166094	HR069129521	HR03366082	HR017153118	HR02166091	HR01266112	HR01366111	HR046129539	HR061153165	HR073153147	HR057129552	HR002153144	HR056129530	HR020153136	HR072129551	HR01566121	HR066129536	HR06566086	HR049129556	HR070129523	HR03666075	HR063129527	HR053129541	HR071129559	HR058129525	HR055110642	HR040129522	HR101153106	HR025153111	HR035153103	HR064129538	HR074153119	HR00866107	HR01966089
0.566454034228312	-0.000872340291447342	0.0686440648770385	0.0912684801035254	0.0037180735191858	-0.00375928022704044	-0.0741689903558307	-0.0360665995853259	-0.0188077195355833	0.0128027241465513	0.0131923224777791	-0.0535512510529561	-0.0319334340253639	-0.0098477729765833	-0.0625291289159062	-0.00791771262438646	0.0198048983381626	-0.0670372217402336	-0.065522841615916	-0.0284637267114677	0.000448055726526439	-0.0641266450857997	-0.0474627583034142	-0.0214485115715316	-0.0203538869714454	0.0118629608078319	-0.0770412592245565	-0.00313331470740849	0.00210425616388531	-0.0243778345891832	0.0398806232262523	-0.0168010436119727	-0.03280473238537	-0.0380830562201831	-0.0630369108413371	-0.00738547892084423	-0.0212675684135111	-0.0649995735643494	-0.0223630080728667	-0.0377545873342283	0.0176564021015079	-0.0355139894000261	-0.0251219837030165	-0.0598378032051967	-0.00789489096481639	-0.0342033740932965	-0.0609919271320199	-0.0486062864597209	0.000665676551711816	0.0148615638634667	-0.0639383663943481	-0.0308551106106828	-0.031376748543711	0.0329363182428335	0.0224497656704635	-0.00698365470056051	-0.0659173303027675	0.0148053247738098	0.00347355573807983	-0.0691319240650437	-0.0405094876680258	0.00565546940481738	-0.0127942122389141	-0.0318804551727905	-0.0617401515422041	0.0500778297576489	0.0150278359546165	-0.0109089801465851	-0.0151350624633699	-0.0294605441991088	-0.0628331460237477	-0.0392070229540005	-0.0266502198349267	0.00253623757717316	-0.0259305224992054	-0.0251831131482887	-0.027359321400137	0.0304813597205259	0.170205340318764	0.0158477855805924	-0.0121600961265757	-0.0306815029860999	-0.0246370234371547	0.00329016740225122	-0.0226474637582207	-0.0302666378174862	-0.0159696831562127	-0.0465433714464547	-0.057903667556648	0.0755484319562068	0.0800581548990737	0.00869564048323667	-0.0729781887618431	-0.0206636094941811	-0.0176495203124083	-0.00902456311352666	-0.0604442073023407
-0.000872340291447342	0.443462405391184	0.026952968139165	0.050288930108671	-0.0614540657383086	0.00846905400607903	0.113495146406077	0.0190126607273761	-0.0544901993324062	-0.00556545157014385	-0.0580674944699901	-0.0198974537800479	0.0210111860582847	-0.0074229716472797	-0.0307727896243782	-0.0193285424093373	-0.00125134285216191	-0.0332253029688732	-0.0396169977669887	0.0175235474404398	0.0201871611359562	0.0143545969973048	-0.00487509636815499	-0.0047927753818482	-0.0328715672455388	-0.0367064211125548	-0.016664928713825	-0.000155088133535492	-0.00400950342303896	0.0161542478662456	-0.0188085345948553	-0.0606267805789	-0.0450852304117928	-0.0169208573247123	-0.00179091208913607	-0.0405380147424875	-0.0392404403840845	-0.0123711964776008	-0.0228634544648649	-0.0373853654847603	-0.0264855778623176	-0.0091337810557546	-0.00150890158159349	-0.00570727188318741	-0.0334575948609243	-0.06055668548165	-0.0485264106512251	0.0124815907940316	-0.0474293408733292	-0.0110173830295418	0.0103526559798668	0.000980289430066595	-0.0760721537521059	0.00160217965334735	-0.0268311629929466	0.0195546751421626	-0.0185069626648247	-0.0505249359821342	-0.0475467094082618	-0.0225121639193415	-0.0166592232989276	-0.0362728095807265	-0.0408868601101998	-0.0385476400042838	-0.0177293961209057	-0.0366778940380936	-0.0185990643623751	-0.0334673755721668	0.00737116916891215	-0.0308306588325749	-0.0421453116236242	-0.0150405155880095	-0.0147381285987082	-0.0277701112723939	0.0095416720058642	-0.0314549942336619	0.229482970933065	-0.0659197754805782	-0.0137951050229086	-0.0656108680171148	-0.085080188808057	-0.0355302905854345	-0.0619797789676876	-0.0294670646732727	-0.0298680738342837	-0.0647632063759467	-0.050703433962343	-0.00696001798172028	-0.0433825715960224	0.00175867103325555	-0.0176870130388482	-0.0235081663477117	-0.0262793678669185	-0.0244846073535969	-0.0202846069334645	-0.0115805889853567	0.247155086032877
0.0686440648770385	0.026952968139165	0.563125332168194	0.0664393295507314	-0.0156558853371269	-0.00787451448305682	0.0150865202220819	-0.00357670695048114	-0.00513428521612814	0.012245223605628	-0.0755179134482654	0.0346764697850396	-0.00671713031915543	0.0290460403454349	-0.0229237688508709	-0.0296634939574286	-0.0662963328634817	0.049968611815421	0.010055159346188	-0.0654682326448021	0.0310404903799902	-0.0592289539302426	-0.0604327964725575	-0.0138627549423475	0.00225341201035989	0.0400045122353431	-0.0509552872768816	0.0404250828188472	-0.0173487634416513	-0.0326042278048649	-0.0659857952814768	0.00975929283104962	0.0230080812706532	-0.0373755847735139	-0.0340256911723614	-0.0606764991943907	-0.0290195971338473	-0.0287938257159588	-0.0237901768552561	-0.0413163963456756	-0.0838616751988786	-0.0133019941643446	0.0104512781515789	-0.0189674711525749	-0.0276641535672487	-0.0746074922432809	-0.00114701526555619	0.220591489352776	-0.0327810956665291	-0.0189805121008979	0.0489563082016412	-0.0719707755036859	-0.0568383850902959	-0.0623359598688326	-0.00467214660983721	-0.0555310300206484	-0.0222008112780654	-0.0461545881744965	-0.0710057453275866	-0.0144259608981626	-0.0205111934106236	0.0133202867832255	-0.033195960835142	-0.0535471757566058	-0.0103547398427447	-0.0174441253762828	-0.0325708103747781	0.00869401036469646	0.0115043347288765	-0.0281996475078703	0.0254736355634743	-0.0064799480714822	-0.0412014729885565	-0.0664878717920156	-0.0494947010644063	-0.0179135995160065	-0.012974340337662	-0.0678742876108873	-0.0289527622736765	-0.0356248374607946	-0.0346964849518623	-0.0521110413222428	-0.0395045195876783	-0.0574325632983833	0.0330072283993536	-0.0251317644142602	-0.00316591707822313	-0.0482867832257419	-0.0114990830583215	0.0387020475213172	0.00589509683030123	-0.035740575877184	0.0108221301195907	-0.0387725963629019	-0.042557731614425	0.0386449933723945	-0.0463754692367618
0.0912684801035254	0.050288930108671	0.0664393295507314	0.808160675911006	-0.0358033354410012	-0.0371930114969568	-0.00110789242057954	0.0320136711487955	0.000413008177900615	0.0443569287390353	-0.0566884141845506	-0.0687219492520564	0.0199393831177726	-0.0286552656399984	-0.0190367511905547	0.0149398095534184	-0.0186887208821121	-0.0200661710490116	-0.0308852678036875	-0.0450575183965994	0.080545560342747	-0.0447477958738666	-0.0574945078029311	-0.0231788824024919	0.0480426267595744	0.0233357350973347	-0.0511794285762289	0.00256802488871938	-0.0494343866784015	-0.0453199674816542	-0.0744322545001552	-0.0783804016057487	-0.0512959820518879	0.00596274674974053	-0.0281621547814336	-0.0519667758313896	-0.0503529584760874	0.111314862857879	-0.0341340940553173	-0.0632031829324892	-0.0795793537924395	0.0118523650373179	-0.0659874254000179	0.0112467759994452	0.0287192015780222	-0.0652652828864843	0.0485952369448734	0.0104610588628236	-0.0438365596096087	-0.0501964670961827	-0.0375231105014497	-0.0357479114106173	-0.0297075071580271	-0.0460364045802951	-0.00529159165530484	-0.0413661149611675	0.00880404336619396	-0.0656695522845799	-0.0513856385716279	-0.0311737987853936	-0.0366265453040602	0.0240065288768352	-0.00480011091528262	-0.0476045786164565	0.0151949231050386	-0.0330060520251479	-0.0188011990614219	-0.0250518886057661	-0.0712592287606668	0.0032005108825115	-0.0414777780812058	-0.00449038839254811	-0.0337567216131439	-0.0248888767516941	-0.0811059598058123	0.175640155533483	-0.0547053749797806	-0.0760835645818908	-0.0238798333749952	-0.0393276517260144	0.0720485674493059	-0.0618224725285092	0.0266033077121859	-0.0496715689260741	-0.0613782652261658	-0.0283602141841317	-0.00607812385119654	-0.0498549572619031	0.0187151640936972	0.0527088410823505	-0.027613619892484	-0.0662449841294491	-0.0279045960520018	-0.114420692422254	-0.0530597703129326	0.022766823726627	-0.052924470474055
0.0037180735191858	-0.0614540657383086	-0.0156558853371269	-0.0358033354410012	0.0757606414600922	-0.0465523370984301	-0.0534762656000857	-0.0240705572442589	0.0354067628912771	-0.0531551322475662	0.0399727249237989	0.0137082549959131	-0.0321127470648414	-0.0154822777125412	0.00354446589460054	-0.0101526051436945	-0.0459157758082828	0.0372227149456274	0.0197625152561038	-0.0387628156516558	0.019954869243906	-0.041457401599448	-0.0319880429964747	-0.00842467949054669	-0.00503729316295526	0.181664258600671	0.0318042009163121	0.0240423914847337	-0.0292249920699771	-0.00803345104077665	0.0756739510838418	-0.0296300765273435	0.043625820573527	-0.00387094334708001	-0.0217093305380427	-0.0146802593905126	-0.0789240461390752	-0.0409072365919589	-0.014952489186811	0.0261053064979976	0.00988725713649456	0.00921320311991406	-0.0343142221540661	0.00101778215650374	0.0290843481311411	0.0200111083335608	0.01148558836566	-0.0223002485090507	0.0159822703602008	-0.0136214973983232	0.0323364346198535	-0.00628840914294911	-0.0159020332367733	-0.0388720335938849	0.0108857047426786	-0.0168874398946293	-0.0265662687300814	-0.046487947416071	0.0216363365186464	0.00785205413842097	-0.0463021139024298	0.0235020071884865	-0.0267300956434239	-0.0418633011160838	-0.0354341135915324	-0.0386495224130765	-0.0245237301985752	-0.0248448635510965	-0.0405347545054054	0.00309129294028395	0.019131659380848	-0.0306896535788001	0.00463664531687461	-0.0197010244958929	-0.0102186249445959	-0.0248880616924235	-0.00318792367852283	-0.0390342303886859	0.0068446408802631	-0.00156677078978925	-0.0735324290656841	-0.0584530175048669	-0.0361220236157091	-0.0229001321320307	-0.0382436228964434	-0.0372451752902584	-0.000178724852375952	-0.00142087518039506	0.0256423528324392	-0.0462263133902893	0.0328376960711217	-0.0436637670442938	-0.021451771808613	-0.0715208627864506	-0.0178288333518902	-0.01165475937896	-0.0457600994876446
-0.00375928022704044	0.00846905400607903	-0.00787451448305682	-0.0371930114969568	-0.0465523370984301	0.162636178968569	-0.0160471137868959	-0.0117827236844049	0.0342542690829999	0.0231719081839967	-0.0113042838927067	0.0176156491379918	0.0190729751133833	-0.0393252065481991	-0.00535598133766386	-0.0281450385367581	0.0301740823756029	-0.0471016870466489	-0.000917983610587424	-0.0242612811135211	-0.00570645682391663	-0.00979968447963357	-0.0408094294795167	0.00441657931388117	-0.0390790586485552	-0.0527965061686099	-0.0587660002646812	-0.0135571077159644	-0.00792423309854896	-0.00673506162310246	-0.0411444188396306	-0.0256436216360418	-0.0267048288060405	0.00430573125311435	-0.0196203336281267	-0.040025342461435	-0.0442620205487355	0.00814384535720688	-0.0184768054718216	-0.0444625251292424	-0.0434453311598389	0.0226078871689085	0.0850218658555302	-0.0619602175452001	-0.0101754268032666	-0.0055711569850355	-0.0288810370578875	-0.0213181020882753	-0.0479444583321924	-0.012481229479098	-0.0127738357571557	0.0260808547198872	-0.0384009293356194	0.0139739643180518	-0.0186495980371365	0.0425996609521499	-0.0030518087803737	-0.0197319967481667	0.0163726837507004	0.00551364909177523	-0.0616064818218668	-0.0294352773617268	0.0179726450984051	0.19456175649475	-0.03761439713973	-0.0604368717689081	-0.00512042920853151	-0.0318478528019768	0.00685605171004814	-0.0164032946880407	-0.0164122603400134	0.00484204025300422	-0.0229221387323311	0.00120443072941459	0.008315007803982	-0.0212969105472458	-0.0143020718890686	-0.019551868649418	-0.0235603301410179	-0.0262003071176949	-0.0327827257850698	-0.0289299406141073	-0.0235970078081842	0.011761893458309	0.00756596833452623	-0.0153119303250373	-0.043786840994118	-0.00613110270377067	-0.0148823940895593	-0.0199447272177288	-0.00784517234932498	-0.0441047141095567	0.00285329563334068	-0.0057089020017269	0.026083299897697	-0.062694585947789	-0.0144976861139517
-0.0741689903558307	0.113495146406077	0.0150865202220819	-0.00110789242057954	-0.0534762656000857	-0.0160471137868959	0.243819342532897	0.00121665661846974	-0.0265890903896505	-0.0114232825461786	-0.0551495822821223	0.104774012213291	-0.0336271271891582	-0.0332831721770682	0.0380027266673571	-0.0161734479738013	-0.00497453359913847	-0.00611480151836376	-0.0461073147368165	0.00526179577723555	-0.00124563743726936	0.0155331727022373	0.0193101573610551	0.00571496873155473	0.0202499206997746	-0.022482821785609	-0.042999493738956	0.0170728196639354	-0.00512368944561279	-0.016109873350713	0.0332851636105467	-0.0342278258714084	-0.0193187616980958	0.0121661628564043	0.108807740542273	-0.0505070046781839	-0.0127624249273707	-0.0168059339675956	-0.0222383040045047	0.00798816903656999	-0.0704506899644759	-0.0176796775054152	-0.01471938223549	-0.0666704450685747	-0.0333858696451336	-0.0342367915233825	-0.0107427080554332	-0.0114811517543739	-0.0521803213602227	-0.0018536716529531	0.0270271385327674	-0.0145229529513344	-0.0188395068471282	-0.0248114461210106	-0.0113425916784142	-0.0175321517774783	0.0159561884635494	-0.0525878509954007	-0.0145857125151517	-0.0219660742082061	-0.05406229321547	-0.0199936307739496	-0.027928232770844	-0.00487509636815539	-0.0318095450162677	-0.0131251263026775	0.0118319885555583	-0.0485753142074475	-0.00892268070473311	-0.0413530740128405	-0.0196203336281277	0.0037686071939477	-0.0253396045281997	-0.0326001525085109	-0.00627781337243396	-0.0497253628379184	0.057044141341361	-0.0488499891815554	-0.0206016649896324	-0.0524150584300844	0.00448830452967031	-0.0336401681374843	-0.0296512680683699	-0.0269444562315274	-0.0125611052875925	-0.0393920414083693	-0.0192445913044945	0.0020455718964197	-0.0514541035503364	-0.00433634219045103	-0.0524020174817585	-0.0168743989463057	0.00114737658048998	-0.0350860832830912	-0.0285933211354524	-0.0165687517199231	0.0993832101991689
-0.0360665995853259	0.0190126607273761	-0.00357670695048114	0.0320136711487955	-0.0240705572442589	-0.0117827236844049	0.00121665661846974	0.231159841945763	-0.00161078399038768	-0.0204410983133742	-0.0678041925136362	-0.0272623293469637	0.0234498433951854	-0.0165271836971347	-0.00192784204655505	0.00793519018399691	-0.0078256109268362	-0.0299169773905078	-0.0370202189316401	0.226547942500522	0.0160637762872355	-0.011747676135779	0.216008411075574	-0.0325553242486416	-0.00426380191538952	-0.0314215768035815	-0.0467993000573469	0.014221742336238	-0.0218894586367929	0.00997528353769217	0.00750646900779098	-0.0186577486298406	-0.0635976716193403	-0.0238113683962861	0.00309862847371621	-0.0112977634185425	0.0141133394532789	-0.0144390018464886	-0.033707002997653	-0.0558187459430823	-0.0366966404013085	0.0103029373643751	-0.0140917865973177	0.00558618936683696	-0.0397946806879265	-0.0537696869374137	-0.0225276500454777	-0.00112908396160863	-0.0368474263663265	-0.0636050071527738	0.0429134587712358	0.0190729751133852	0.00416228082152871	0.0113144259188842	-0.0131658792661957	0.0202539959961272	-0.0210491325290573	-0.0476119141498882	-0.0269240797497693	-0.0397596331393011	-0.0223638231321389	-0.0187335491419796	-0.0594783620669726	-0.0322350059553936	-0.0262801829261867	-0.0470470780755339	-0.00904493959528561	-0.0725356115780412	0.0144744107100464	-0.017876921848841	-0.0159093687702067	0.0126975815006754	-0.0455049859360239	-0.0377439915637158	0.0100828713613796	-0.0134413692995752	-0.0318250311424061	-0.0328846081938649	-0.0112773869367852	-0.0313107287428115	-0.0173373526118671	-0.0159354506668581	0.0108229451788608	-0.0239450381166237	-0.00932450492501726	-0.0365507447919167	-0.047157926136302	-0.0287139499074648	-0.0502730826675959	0.015503015509233	-0.0164342669403136	-0.0390162990847384	-0.0424199865977347	-0.00741971141020078	-0.0210083795655392	-0.0397384415982704	-0.00593059812326414
-0.0188077195355833	-0.0544901993324062	-0.00513428521612814	0.000413008177900615	0.0354067628912771	0.0342542690829999	-0.0265890903896505	-0.00161078399038768	0.0394057377652308	-0.0326718777243038	-0.00287168068162565	-0.0337216740645196	0.0301936437980939	0.00863777127504215	0.0251345709070061	-0.0348920991767455	-0.0548431199964691	0.037466417667462	0.0516305176676695	-0.0296643090166986	0.0222541514455755	-0.0782931902638208	-0.0307956112839469	-3.77195986052199e-05	-0.0150714878402832	0.0173034814374442	0.211041439882037	0.0104504630923089	0.0365600717588276	0.0599653137663107	-0.00867734786435584	-0.0701817204052585	0.0475063177596821	-0.0346981150704014	-0.0221771745592269	-0.0728624503454531	-0.0360665995853236	0.0226641262585641	-0.0176340341862751	0.0803475009400503	0.0242828339694877	-0.0239067303309158	-0.00173467299948183	0.0363644575339429	0.0315417518312576	-0.00591429693785636	0.0134686275704312	0.0507584042483935	-0.00132551324576435	-0.0671391041490286	0.019772295967348	0.0268445652562108	-0.0088591060816457	-0.022183695033389	0.0273368610555011	-0.0205177138847859	-0.0303546642186887	-0.0867233482970912	-0.0222358588266919	-0.0388663281789926	0.00999566001945368	0.0452502336993436	-0.00419126164032853	-0.058538598728253	-0.00380329342764002	-0.0248864315738843	-0.0434917895382499	-0.0713260636208366	-0.0595028138450821	0.0235745474635489	0.0551108207520837	-0.0313946798476583	0.011284268725881	-0.0274424574457128	-0.0508493295717346	0.0347302636968829	-0.0484832125098974	-0.101643823300185	-0.00366391829240911	-0.0654413356888818	-0.0692566281334081	-0.0670641186961553	-0.0531926249740029	0.0356904035173595	-0.0331772144719228	-0.0358155613300563	-0.0068133073130568	-0.01524998582049	-0.0527793899239338	-0.0714401719186852	-0.0109554385249956	-0.0232595732702543	-0.0428707143742394	-0.0787088704917012	-0.00335419576967533	0.0297795936887539	-0.0762710282140727
0.0128027241465513	-0.00556545157014385	0.012245223605628	0.0443569287390353	-0.0531551322475662	0.0231719081839967	-0.0114232825461786	-0.0204410983133742	-0.0326718777243038	0.218924987238484	-0.00019747121559407	-0.00472023510678817	-0.02200030669756	0.0279937988274072	0.00606707433634829	0.0393320883373018	0.00965659536298434	-0.00935140188093773	-0.0357454662328059	0.0502522524415052	-0.0248008503504966	-0.0152165683904055	-0.0113605229823612	0.139885950520871	-0.0282094282191159	-0.0281703053741376	-0.0526400147887016	-0.0493333193288771	0.0465869309027211	-0.0550819323626828	-0.0413432933015961	-0.013509019219015	-0.0680152928646587	-0.0206391577160704	-0.0292274372477874	-0.0331087494932137	-0.0281743806704894	-0.0535642920012837	-0.0586804190412957	-0.0193619598394264	-0.00308604126972823	-0.046769142864343	0.0212581490172012	0.0153204422326732	0.0195897226907874	0.00529847344440207	-0.0120027896874	-0.0539318837322143	-0.0433996878407007	-0.0077783374891565	-0.0756678843540115	-0.0409243528366358	-0.0306146681259306	0.0322753051745771	-0.0541095666531493	0.0242958749178126	-0.0239645995391112	0.00465702179863416	0.00565872964189874	-0.0207752726142189	0.0339372110268298	-0.0781774518474298	0.0447334861219367	-0.0282721877829329	-0.0182852665432882	-0.00774410499980088	0.0439355430962625	0.0175243624997115	-0.0312919823795921	-0.016444047651555	-0.0546393551788797	-0.0725201254519047	0.0118238379628557	0.013734336892565	-0.00018524532653878	-0.00433960242753242	0.00194368948762636	-0.0338235564733125	-0.0360136207327531	-0.0282175788118188	-0.0370136984574768	-0.0204321326614005	-0.052257751990906	-0.0480487859187987	-0.0016458315390134	0.017536588388766	-0.00983147179117758	-0.020402790527667	-0.017374030279032	0.0272928478549046	0.0142510844699696	-0.0723701545461579	-0.0470747900907269	0.0181266913005024	0.0146577990458757	-0.0249443007820766	-0.0190449017832571
0.0131923224777791	-0.0580674944699901	-0.0755179134482654	-0.0566884141845506	0.0399727249237989	-0.0113042838927067	-0.0551495822821223	-0.0678041925136362	-0.00287168068162565	-0.00019747121559407	0.249035721863159	0.00618444287127693	-0.0118862362117393	0.00790666310953461	-0.0359198889166626	0.00778114398190023	-0.00679374589056821	-0.0207418551841346	0.008997212413268	-0.0177456973063137	0.00436686069838763	-0.00771150262898737	-0.0620441686500465	0.00895564439048007	-0.0143004417705257	0.00495044313596096	-0.00995291562246112	-0.0381123983539159	0.0210446034883703	0.0242102936944245	-0.0468041904129683	-0.015095939618394	0.068358794132415	-0.0650770041950327	0.0106134749463794	0.00768089169164813	-0.0250967168656327	-0.000283052438981869	0.0315221904087721	0.0411928686515194	-0.0113140646039511	-0.0468539090284598	0.00441250401752744	0.0316803119072187	-0.00682227296503098	-0.0404834057713738	-0.0784985851999503	-0.0408135047758669	-0.00261004665584216	-0.0507930904820803	-0.0551177949705788	-0.0109660342955102	0.0172904404891201	-0.00370304113738621	-0.0392518512138701	0.0278479032180143	-0.0295045573997092	0.0331131861045005	-0.0609161266198773	0.0413607708612118	0.0178031127701728	-0.0201525673316685	-0.020102033656904	0.00603447196553176	-0.0117289297725618	-0.0065638991763285	0.00653410329825877	-0.0396422646043693	-0.00584012654425422	-0.0143941735866191	-0.0169330832137713	-0.0511003678270033	-0.00660302202130538	-0.0224811916670697	-0.00865045090843446	-0.0222130371671236	0.0159317366854395	0.0163743138692433	-0.0360983868968717	0.000792010738614826	-0.0387587403553055	0.00256883994798847	-0.0305217513691102	0.00847394436170026	-0.0657698045748333	0.0195074017044817	0.011272042836826	-0.0308445148401688	-0.041967628702688	-0.0346964849518617	-0.00583605124790285	0.0281103523030686	-0.0831321971519116	-0.0195909914943953	-0.0134935330928776	0.00540932150517045	-0.020552761433412
-0.0535512510529561	-0.0198974537800479	0.0346764697850396	-0.0687219492520564	0.0137082549959131	0.0176156491379918	0.104774012213291	-0.0272623293469637	-0.0337216740645196	-0.00472023510678817	0.00618444287127693	0.113572056071068	-0.00889822892662225	-0.00357344671340012	-0.0230492879785051	-0.048921714397349	-0.0400946224994156	0.0107870825709647	-0.0173463182638408	-0.0128602320398125	-0.0124103193225773	0.0464288094042729	0.00466680250988036	-0.0140673348192068	-0.0477594398778221	-0.033252199924795	-0.0280741283802378	0.0318400635242074	-0.0120190908728072	-0.0163641718430638	-0.0172517713884794	-0.0520336106915593	-0.00391903184402796	0.01879014954657	0.0286230245841232	-0.0464920227124238	-0.0100124149491961	0.00254683334768702	-0.0246272427259112	-0.00973855503435672	-0.0065076600866746	-0.0214126489636363	0.0402897829799697	0.00470429523631427	-0.0345888971281769	-0.0215251271429418	-0.0519504746459832	0.00795067631013391	0.0205384516814835	0.00730025901239069	-0.00192621192801429	-0.0124054289669556	0.0110283401149901	0.00766540556551001	-0.0325479887152105	0.010517297952478	-0.0108625217681762	-0.037425303389007	0.0144915269547237	0.043400049155637	-0.0143118526003129	-0.0336091958852102	0.0209141940051125	0.0268111478261238	-0.0243158900846326	-0.0276103596554037	-0.0149076609269413	-0.0192608924899003	0.0296418486720626	-0.0435838912357985	-0.0273063425475627	-0.0582321364425999	-0.00875396343576978	-0.0291385957873184	0.0213763326114032	-0.0641315354414237	-0.0283585840655916	-0.0205633572039257	-0.0243346364478546	-0.0326669873686799	-0.0377472518007955	-0.0192682280233328	-0.0212088841460451	-0.0206367125382565	0.00584293303699837	-0.0138725356535908	0.00247999848751997	-0.0265915355674611	-0.0328128829780742	-0.0266485897163863	0.0238744892750389	-0.0378426137354286	-0.0292290673663282	-0.0460926436699487	-0.00283663313299995	-0.00243399385344577	-0.0229408850955469
-0.0319334340253639	0.0210111860582847	-0.00671713031915543	0.0199393831177726	-0.0321127470648414	0.0190729751133833	-0.0336271271891582	0.0234498433951854	0.0301936437980939	-0.02200030669756	-0.0118862362117393	-0.00889822892662225	0.0607488798187141	0.00673868317511734	0.010981066677311	-0.0432741687130667	-0.0098591838063691	-0.0167708864189709	0.0188186766210327	-0.0296659391352363	0.0355347271967228	-0.0265100296404251	-0.0206774655017721	-0.0243109997290135	0.0134678125111584	-0.0157455418568648	0.0251679883370899	-0.0113719338121467	0.0225646890275796	0.0472349030226537	-0.0288394690350984	-0.0107296671071078	-0.0417548982331261	-0.0454520070834518	0.0290525608195966	-0.0570519306191285	-0.0455555196107865	0.0170491829450943	0.0161232756139727	-0.00867653280508555	-0.0242620961727901	-0.00430129464182595	0.00166330909862388	-0.00688340241030744	0.00529195297023957	-0.0348521612724998	-0.00859095158169898	0.0635646155041938	0.0232607496444612	0.0128687439474488	-0.00323601217547353	0.0017806776335549	-0.0414337648806052	-0.0209994139135629	-0.0363877329378473	-0.0163291242944388	0.0109134167578713	-0.0787398427439748	-0.038207760288546	-0.0251113879325009	-0.0133288911202661	-0.0187115425416833	-0.0373984064330852	-0.0281809011446531	0.00702639909755267	-0.0474203752213545	0.0223641844470746	-0.0141667720501903	-0.0443247801125517	-0.0292396631368435	0.00680307285747554	-0.000167314022591117	0.000530376712832013	-0.0450746346412781	-0.00515384663861668	0.0326730540985084	0.00393243410728892	-0.0664634200139045	0.00424052651148219	-0.0529513674299777	-0.0472003092183592	-0.0351252061280663	-0.059044750535144	0.0407486613491753	-0.036657517556334	-0.0290179670153037	0.00385826371368711	-0.0282175788118204	0.0345020471011863	-0.0143599410972637	-0.00186508248273793	-0.0210475024105176	-0.0110899233046036	-0.0480349299112022	-0.00628107360951601	-0.0105430185341968	-0.0193489188910997
-0.0098477729765833	-0.0074229716472797	0.0290460403454349	-0.0286552656399984	-0.0154822777125412	-0.0393252065481991	-0.0332831721770682	-0.0165271836971347	0.00863777127504215	0.0279937988274072	0.00790666310953461	-0.00357344671340012	0.00673868317511734	0.0839691033718248	0.00191679253170347	-0.0339172882894028	-0.0299129020941559	-0.043307586143149	0.00698727625257527	-0.0393626992746354	-0.0307695293872973	0.00956938402105623	0.00251504603614341	-0.0475271479857727	-0.000181985089457273	0.0843730786763273	-0.0365507447919153	-0.044786918718843	-0.0250021699902749	0.00575572169507069	0.0198896645022773	0.000919975044060685	-0.018878629692105	0.00280276195857868	-0.0162215364707521	-0.00436975962053596	-0.0120851106737066	-0.030992040568104	-0.0221144149954093	-0.024856274380879	-0.0250249916498438	-0.0124959005459646	-0.00937748377758987	-0.0394287190755367	-0.0187148027787618	0.00707774783158423	-0.0504654366553984	0.0356838830431973	0.0262137093809552	-0.0105845865569845	-0.00629166938003058	0.0101888290665254	-0.0426710248530034	0.016977457729304	-0.00434041748680289	-0.0298998611458294	0.00477439033356479	-0.00123259648894339	0.0137628639670278	0.013972334199508	-0.0475344835192062	-0.054261167677437	-0.0379241196624614	0.0155674051915907	-0.0329506279947649	0.0173580904085586	-0.0450469226260856	-0.0101860225737813	-0.0339401099489727	0.0252609050939115	0.0199548692439056	-0.0490782057772568	0.0295733836933527	-0.0452050441245341	-0.0037030411373866	0.0353097708381062	-0.0236320553568087	-0.0207385949470492	0.0430870663958217	-0.00216665441276837	-0.0231381294389723	-0.0233174424784531	-0.0349825707557529	-0.0520409462249935	-0.0129115807738413	-0.00930412844325818	-0.0357234596325078	0.0332403353506778	-0.0206546438422074	-0.0461937110194725	0.00203660624444593	-0.0271074680855979	-0.0438724222175061	-0.00910932927763985	-0.0207214787023755	-0.020002596425922	0.00186707391621187
-0.0625291289159062	-0.0307727896243782	-0.0229237688508709	-0.0190367511905547	0.00354446589460054	-0.00535598133766386	0.0380027266673571	-0.00192784204655505	0.0251345709070061	0.00606707433634829	-0.0359198889166626	-0.0230492879785051	0.010981066677311	0.00191679253170347	0.065731337138387	-0.0365531899697257	-0.021005934387729	0.0626859816107517	0.0541596465835801	-0.0140110957295532	-0.0223369261762165	-0.0161522564327714	-0.0027298603685836	0.00691881127386541	0.0122036555828404	-0.0429416245307593	0.00295273286432471	0.0285545596054146	0.00509307850827299	0.0175088763735742	-0.00504136845930781	-0.0123891277815487	-0.0325039755146099	-0.0144593783282459	-0.0155368866836556	-0.00510820331947741	-0.0188321713136947	0.00107972666105028	0.00466028203571529	0.00871764708353642	0.0346389770586018	0.0116697917607606	-0.0169151519098236	0.00307906705122812	-0.0261734101617724	-0.00741726623238917	0.00587798058562338	-0.011937584945772	0.00610538212205259	-0.0153551284663641	-0.0182567394688257	-0.02351794705896	-0.0431722863042711	-0.0356248374607955	-0.0262671419778637	-0.00312516411470601	-0.0080603479966982	-0.0672752190471769	-0.00492236980583554	-0.0561814473183902	-0.0112724965811632	-0.0314395081075282	-0.0489404607605655	-0.0394067124752374	0.00394384493707383	-0.00298741909801432	-0.00253913649932056	-0.0101338587804786	0.0220870642951543	-0.0255229928640287	0.00632952342139983	-0.0269680929503657	-0.0133835000913796	-0.00862681418959442	-0.0205698776780899	-0.0409316883700678	-0.0197849756007394	-0.0100132300084664	-0.0284898086081149	0.0233430706307669	-0.0438789426916675	-0.0105364980600329	-0.0321632807396028	-0.00605448713235646	0.00271555061665047	-0.0459361522900408	-0.0358294173376524	-0.000150197777913626	0.000902043740113112	-0.0330174628549315	-0.0198901182466147	-0.015196191908647	-0.0196276691615605	-0.0406024044248459	-0.0491311846298285	0.02092397471636	0.0208147567741315
-0.00791771262438646	-0.0193285424093373	-0.0296634939574286	0.0149398095534184	-0.0101526051436945	-0.0281450385367581	-0.0161734479738013	0.00793519018399691	-0.0348920991767455	0.0393320883373018	0.00778114398190023	-0.048921714397349	-0.0432741687130667	-0.0339172882894028	-0.0365531899697257	0.401621337747567	0.0145518413407298	-0.0458049277475141	-0.034328893220931	0.00494392266179873	-0.0244120670785385	-0.00628922420221932	-0.0203799688680955	-0.00598765227218841	0.0331351927047997	0.0117488525099823	-0.0131161606507042	-0.022380124317542	0.0458688636855385	-0.0673428689666168	-0.00569341587558991	-0.00798128724747437	-0.00777752242988567	-0.0188272809580729	-0.0426742850900857	0.0431783530341001	-0.00327676513899129	-0.0514361722463906	-0.0544967198065698	0.0129673661191653	-0.0608069086776489	-0.0698614021120102	0.0361941101464393	-0.0215283873800251	-0.043586336413611	0.00758471469774504	-0.0254496375296979	-0.0477716657668799	-0.0414296895842543	-0.0327680547182061	-0.0514818155655303	-0.0279649104380086	0.00772327477370504	0.0271298360008321	-0.0387783017777944	0.00618444287127687	-0.000490077493651292	0.017300221200364	0.00146198945884651	0.0283939929291501	-0.0417304464550162	-0.0271897890719031	0.0400623814435392	0.0171021617976676	-0.0106228943426917	0.01003804310151	-0.0122041093271774	-0.017822312877727	-0.0158025960057898	-0.0204826663361628	-0.0208078749850335	0.0213975241524332	-0.00494356134686476	-0.0504695119517492	0.00384033240973917	-0.0618232875877795	-0.0545122059327055	-0.00394511374068079	-0.0508045013118642	-0.0121747671934452	-0.0272957467770493	0.0611520400639453	-0.0549523379386972	-0.0233883526349711	-0.0271099132634078	0.00100637132671879	-0.0147397587172485	-0.00894550236430132	-0.0224404387035509	-0.00323112181985202	-0.00583686630717289	-0.00715155691025382	-0.0371196561626258	-0.00543993244250919	-0.0268556147710591	-0.0179144145752771	-0.0337567216131451
0.0198048983381626	-0.00125134285216191	-0.0662963328634817	-0.0186887208821121	-0.0459157758082828	0.0301740823756029	-0.00497453359913847	-0.0078256109268362	-0.0548431199964691	0.00965659536298434	-0.00679374589056821	-0.0400946224994156	-0.0098591838063691	-0.0299129020941559	-0.021005934387729	0.0145518413407298	0.606491375706625	-0.0238537514783449	-0.0259761658183458	0.0398610618037633	0.0120072262986844	0.0113136108596141	0.0058404878591874	0.00837369207144645	-0.0406561983366887	-0.0379290100180844	-0.0136182371612416	-0.0352947384563014	-0.00594363907158951	-0.0313188793355138	-0.0258025581937618	-0.0244536351013243	-0.038638926642563	-0.041387306502197	-0.0136867021399518	-0.0244462995678898	-0.0252833654385444	-0.0160446686090854	-0.0476461466392442	-0.0249304447744839	0.00771104888464925	-0.0538397820346625	0.0245444679952713	0.00390146185501803	-0.0141243889681312	-0.0118919416266321	-0.0165434848825426	-0.0552310882091579	-0.0243802797669942	0.0251557624480352	-0.0606015137415188	-0.00308848644753914	-0.0312023258598563	-0.0170137740815366	-0.0345367333348735	0.0470311382050661	-0.0301655704679635	0.0156122334514595	-0.0364358214347961	-0.0396259634189609	-0.0195420879381729	-0.0468245668947283	-0.0103270278275525	-2.6720499798197e-06	-0.00717193339201345	-0.0467552868567463	0.00120850602576579	-0.055799184520595	-0.00634301811406276	-0.0115765136890051	-0.0380708303311264	-0.0691547457246126	0.000246736086749014	0.0061102724776744	0.0355950415827296	-0.0144936108175991	0.00554625146258992	-0.0117207791798582	-0.0332016662500319	0.00123784815949927	-0.00336805177727091	-0.0282143185747351	-0.0497620405050835	-0.0234951253993885	-0.0393129806591443	0.00722445850024857	-0.0293937093389377	0.0275528517621457	-0.00918594484905703	0.00267072235678112	-0.00452054558555115	-0.0215683252842729	-0.0420491346297229	-0.052825033243073	-0.0464903925938818	-0.00426461697466039	-0.0109358771025071
-0.0670372217402336	-0.0332253029688732	0.049968611815421	-0.0200661710490116	0.0372227149456274	-0.0471016870466489	-0.00611480151836376	-0.0299169773905078	0.037466417667462	-0.00935140188093773	-0.0207418551841346	0.0107870825709647	-0.0167708864189709	-0.043307586143149	0.0626859816107517	-0.0458049277475141	-0.0238537514783449	0.0558454832482618	0.0842801619195069	-0.018756370801552	-0.0855871556742183	-0.013465821077686	0.00604425267677556	-0.0129270668999822	0.0118067217181779	-0.0195412728789036	0.0598748421873007	0.257275676992863	0.0254100609403856	0.0220137089608248	-0.0471823779144118	0.015675808074548	-0.00317406767092579	-0.00568526528288671	-0.0371221013404345	-0.00416110444732547	0.0110511617745606	0.00242212927932275	-0.032499900218257	0.0121946899308671	-0.0470324070086666	-0.01094321263594	-0.03075241314262	-0.00150808652232213	-0.0401687928930169	-0.0099488403261082	0.0261159022685138	0.0731301511010673	-0.00393696314797789	-0.0493528807513663	0.039455977346396	-0.0205943294562002	-0.00111359783547238	-0.0217117757158542	-0.0204182766538043	-0.0310352387094312	-0.00806197811523878	-0.0713880081253833	-0.00808642989334955	-0.0178386140631343	-0.0198126876159293	0.03520707337004	-0.0554250723155018	-0.0477887820115571	0.0247351918645332	-0.0270235169807478	-0.0204875566917822	-0.0198599610536115	-0.0179193049308993	0.00309536823663509	0.0766919601125123	-0.0366151344742728	-0.000814471083251747	-0.0201713136948871	-0.0417597885887484	-0.0176894582166602	-0.0571032793531605	-0.0350771176311174	-0.0361603314014168	-0.0316848409479037	-0.00466644119494551	-0.0309358014784484	-0.00536331687109696	-0.0364154449530374	-0.0367373933648282	0.00513546159033146	-0.0427883933879344	-0.0406309314993065	-0.0422667554549096	-0.0598997477097451	-0.0866980814597078	-0.00531522837414673	-0.0228707899982965	-0.0557046376452333	-0.00675625316413139	-0.0175802402744284	-0.0282835986127156
-0.065522841615916	-0.0396169977669887	0.010055159346188	-0.0308852678036875	0.0197625152561038	-0.000917983610587424	-0.0461073147368165	-0.0370202189316401	0.0516305176676695	-0.0357454662328059	0.008997212413268	-0.0173463182638408	0.0188186766210327	0.00698727625257527	0.0541596465835801	-0.034328893220931	-0.0259761658183458	0.0842801619195069	0.116351408182977	-0.0395371219584929	-0.0385337839966881	0.00852529309573344	-0.00248208235039545	-0.0450925659452255	-0.00193762275779989	0.00355669178365578	-0.00707738651665209	0.0764759694058698	-0.0303946021229332	0.0181519581378837	-0.0262981142301348	-0.01340632175095	-0.00134344454971185	-0.0308934183963905	-0.0366355109560325	-0.000433023344725981	-0.00546030892426986	-0.00428580851568908	-0.0560477775980523	0.00414271939904122	-0.0207720123771381	-0.0133028092236151	-0.000222738052975536	-0.0344641930598106	0.00229905532949991	-0.0109644041769694	0.0662909887635261	0.015269908557912	-0.0061384382372039	-0.0507637483483482	0.0341711330374212	-0.00603492570986859	-0.0305119706578656	-0.0406741296406371	0.0239470295501013	-0.020824176170439	0.0298203466522727	-0.00986651933980225	0.0087657355804873	-0.0307923510468668	-0.0371147658070008	0.0560913370543178	-0.0930457630572231	-0.00453032629679549	0.00268946871999963	0.00192494312440683	-0.000472961248973871	-0.0317068475482033	-0.0329286213944664	0.0273792441375623	0.0884051768867696	-0.0358913618422008	-0.0259435634475326	-0.0446679200653714	0.00956286354689352	-0.0198118725566609	-0.0120264264062409	-0.0337999197544723	-0.0365434092584839	-0.0720726579124797	-0.0380178514785539	-0.00641474332985368	-0.0246419137927764	-0.0569590138623061	-0.0298468822932575	0.01416061289096	-0.0195323072269298	0.00689680467356612	-0.00509597743042135	-0.0318209558460542	-0.0582239858498969	-0.0634917139141936	-0.0371685597188461	-0.0365597104438886	-0.0350477754973837	0.0406206970437325	-0.0381539663767005
-0.0284637267114677	0.0175235474404398	-0.0654682326448021	-0.0450575183965994	-0.0387628156516558	-0.0242612811135211	0.00526179577723555	0.226547942500522	-0.0296643090166986	0.0502522524415052	-0.0177456973063137	-0.0128602320398125	-0.0296659391352363	-0.0393626992746354	-0.0140110957295532	0.00494392266179873	0.0398610618037633	-0.018756370801552	-0.0395371219584929	0.0553548175675134	-0.0418747119458679	0.00637027638491767	0.271838340976273	-0.000917983610586861	-0.0356378784091191	-0.0668277515077522	-0.0105764359642806	-0.0148595724299912	0.0583702427742278	-0.0196594564731044	0.030447127231172	-0.0796005453334676	-0.0187571858608233	-0.0705232302395363	0.0309410531490077	-0.0411696856770126	-0.00358322742464416	-0.0437574988603862	-0.0450787099376304	-0.03501272794876	0.0181054997594728	-0.0262891485781614	0.0360457693592367	0.00702232380120084	-0.0228626394055957	-0.0449809028251871	-0.0276535577967341	-0.028866365991021	-0.030746707727727	-0.0279355683042762	-0.0551088293186043	0.0499197082591982	-0.0274489779198759	0.0570245799188751	-0.0309415068933404	0.058453378819804	-0.0132881381567485	0.0116176279674571	-0.0450950111230361	-0.0329473677576798	0.0249275458523371	-0.0384856954997345	-0.0058621331445541	-0.0117452309579684	-0.00389294994737889	-0.0288500648056139	0.0401438873705732	-0.0112504899808636	-0.0051196141492615	-0.0226075258539726	-0.0184262717970581	-0.0431853272525976	0.026137093809544	-0.00341858545203264	0.0157092255046322	-0.0578604694153178	0.000365734740220397	0.000492068927124809	-0.0356150567495489	-0.0284515008224107	-0.0252303865859737	-0.0360829007707329	-0.0219742248009103	-0.0153143755028484	-0.0762759185696959	-0.0440484750199029	-0.0472239459372007	-0.0753467510014916	-0.0326294946422445	-0.00891371505275909	0.00247429307262573	-0.0466721508111724	-0.0314965622564527	-0.0221119698175998	0.0209859192209046	-0.0215414283283492	-0.00188545896449737
