LAB1	LAB2	LAB3	LAB4	LAB5	LAB6	LAB7	LAB8	LAB9	LAB10	LAB11	LAB12	LAB13	LAB14	LAB15	LAB16	LAB17	LAB18	LAB19	LAB20	LAB21	LAB22	LAB23	LAB24	LAB25	LAB26	LAB27	LAB28	LAB29	LAB30	LAB31	LAB32	LAB33	LAB34	LAB35	LAB36	LAB37	LAB38	LAB39	LAB40	LAB41	LAB42	LAB43	LAB44	LAB45	LAB46	LAB47	LAB48	LAB49	LAB50
0.0607325173177451	-0.066476220503219	0.0194738074704905	0.00717221382714917	-0.0184569283423784	-0.0652135068012561	-0.110154934313563	-0.111105257906968	-0.0492783229478413	-0.0573906008195662	-0.0923750046611862	0.0299898450196503	-0.00599091885242744	-0.0891721839692274	-0.08198392315545	0.0653458286746122	-0.0558089203751795	0.0320516197361367	-0.0651017040255609	-0.00445198652815995	0.00744185581558921	-0.0422840728330629	-0.0510605907250909	-0.0326493042217317	0.01295636331088	-0.0774361808382251	0.0229627117355495	-0.0393607590803417	0.0245871403000538	0.101527179879555	-0.0528494351362042	-0.018453640025446	0.0531132896868467	-0.0280357955658626	0.0564246248375659	0.0233014083795658	-0.0393837772988668	-0.0127878699512746	-0.063756782400295	-0.0197623901644601	-0.0282725543849804	-0.127047018394249	-0.0348919363694889	0.102503810008417	0.0301115127461415	-0.0973074800594782	-0.0324125454026141	0.0810047939057242	-0.0353950488601145	-0.0245929277378545
-0.066476220503219	0.0994228543419524	-0.0648452153048517	-0.0664597789185582	-0.0402979294060166	-0.0212881692209983	0.0475461691206394	0.00762928988072409	0.000565985110369171	-0.0356614025316215	0.0396772267018978	-0.032790701849816	-0.0296404942287736	-0.0182826475449723	0.0362573770924141	-0.057117670514193	-0.0161583948067743	-0.0657495024612036	-0.0114758314953286	-0.0381309285477007	-0.0454737402572911	0.0041075024463435	-0.0406760858532194	0.00700122134667472	-0.0268059650332215	0.00907286101395765	-0.0582324099542064	-0.0197689667983244	0.00307497092963398	-0.0360625771973497	-0.013034493721189	-0.0241818881213302	-0.0412350997316926	-0.0332707961219167	-0.0597910721800681	-0.0570716340771433	-0.044618777854921	0.00417326878498719	-0.00273219677262223	0.0156133233920938	-0.0335075549410349	0.0145413320721979	-0.0338791347543725	-0.0620501459124845	-0.0500971138639571	0.0406637217815554	-0.025480773309547	-0.0488574183805198	0.0290822695463642	-0.0372266413913472
0.0194738074704905	-0.0648452153048517	0.089643399785599	0.0696370822711276	-0.00811188327369304	-0.0540463824995233	-0.066597888229711	-0.045187656684191	-0.047318486056253	-0.0398112585000524	-0.0687122760171118	-0.0149088343725402	-0.039051657288715	-0.0434777318794489	-0.0887381261341791	0.0143637629578595	-0.0270493004862041	0.00408777254475007	-0.0636351146738038	-0.0133435955128154	-0.000627673936017473	-0.0598897216880343	-0.0278911096208456	-0.0533788541622881	-0.0227350286711637	-0.0667623040763201	-0.00220606606347122	-0.0523627642302398	0.0107630559171057	-0.0134126501683916	-0.0158690229167414	0.00175635583982375	0.0524424730326773	-0.0425175433352487	0.0606862835816913	-0.0171580431541612	0.0441263195111578	-0.0448621133079037	0.0613505236019961	-0.0656475646363053	-0.0315740245849038	-0.0578411002392761	-0.0329320994779004	0.0449451104272731	0.000503507088657637	-0.0590117410671375	-0.0500181942575855	0.0140743910678264	-0.0492191332430612	-0.0371016853479235
0.00717221382714917	-0.0664597789185582	0.0696370822711276	0.451910699571673	-0.0085755359611327	-0.0776926695589363	-0.115893047360243	-0.108786994469769	-0.0482753862835211	-0.0355068516358095	-0.119322761920521	-0.014057160287102	-0.0166615072974002	-0.0709055834108861	-0.103177125783445	0.0379048238754434	-0.0455986963007149	0.0286153285419928	-0.0290781920333683	-0.0387984568849364	-0.0147378418920663	-0.0504884235788881	-0.0410147824972356	-0.0329616943302907	0.110471401935126	-0.0884356009764162	0.0144295292965038	-0.0362204164100957	0.0153962944745686	-0.00598434221856314	-0.0143596854448637	-0.0353720306415892	0.00265406636231313	-0.00845386823464154	-0.00192655912423442	0.00687626530325146	0.0152187253602302	-0.0336522408860515	-0.0160597452988085	-0.0644670588576486	-0.0542338165646584	-0.0908590905554446	-0.0554274756110449	0.0319858533974924	-0.00374171007080609	-0.111101969590034	-0.0284501234993188	0.0356424618260938	-0.0764825689278884	-0.0646939527259696
-0.0184569283423784	-0.0402979294060166	-0.00811188327369304	-0.0085755359611327	0.000793076277692872	-0.0155237496388605	-0.0364604635461458	-0.0512217182547684	-0.00353454610407779	-0.028910487869826	-0.0627439807851793	-0.0166680839312648	-0.0174638566288554	-0.0261647432314435	-0.0415014534031999	0.00109540413645269	-0.0238760746466356	-0.00457694257158369	-0.0308670364444819	0.0139987597783856	-0.0224456567811308	0.00641918924967623	-0.0105781209728394	-0.0322843010422578	0.00296316815393945	-0.0366248793927555	-0.0228731379823164	-0.0431061520661117	-0.0534742153533219	-0.0344085537804557	-0.0365360948355861	0.0138080373963184	0.0140184896799789	-0.0128733661915115	-0.0109497007861774	-0.0427575904712987	-0.0280029123965405	-0.00798363891333749	-0.0313306891319217	-0.0484989918349111	0.00842835089524733	-0.0415146066709295	-0.00197259556128514	0.0130977609389643	-0.00306431678277386	-0.0329847125488157	-0.0123176406299707	-0.00100254206628777	-0.0442373330907868	-0.0278450731837952
-0.0652135068012561	-0.0212881692209983	-0.0540463824995233	-0.0776926695589363	-0.0155237496388605	0.173140343327895	-0.0159709607416393	0.00790550850302839	0.00988507529621006	0.0116377482210698	-0.00197259556128512	-0.0147575717936593	-0.0102920373997384	0.0178362256382579	-0.018874544592767	-0.0464832535554759	-0.0158821761844699	-0.00184435120092964	-0.0399723860297299	-0.0107260952347883	-0.0241522932689405	-0.0224160619287414	-0.0302060847411112	0.00185171703085743	-0.0525074501752558	-0.0182727825941758	-0.0477624088420984	-0.00469532198114262	-0.0351221185547424	-0.0412120815131665	-0.000591502449763252	-0.029495808283757	-0.0853511596940178	-0.000440239870882276	-0.0578706950916659	-0.0212815925871341	-0.0389168362944952	-0.0169245726519758	-0.0238300382095852	0.0237815026516662	-0.0197492368967313	-0.0121466481494966	-0.0209428959431181	-0.0770646010248867	-0.0618232520441638	0.000822473831080537	-0.0074476432533899	-0.0742300718293353	-0.0107589784041103	-0.00110776820811781
-0.110154934313563	0.0475461691206394	-0.066597888229711	-0.115893047360243	-0.0364604635461458	-0.0159709607416393	0.354214803516141	0.136587215010619	-0.0283153025050983	-0.0148891044709469	0.154495389023352	-0.058712504226307	-0.0389562960976812	0.0524720678850682	0.0545634374539449	-0.080902066884758	-0.0450396824222424	-0.0650359376869173	-0.0273682672286267	-0.0448160768708524	-0.082082572663416	-0.0343099042724902	-0.0445661647840061	-0.0291143635196222	-0.0819937881062467	0.0178428022721218	-0.0986228068323549	0.046217689080035	-0.0849960214653411	-0.0810566177805708	0.00543598248695015	-0.055200581742724	-0.10743878452757	-0.0116764188281927	-0.10429186522346	-0.0956534566425829	-0.045549371546732	-0.0110615035618722	0.0336596067159803	0.0569376022789898	-0.0377264655650405	0.0788838294844597	-0.03102816397416	-0.110332503427902	-0.0722373517684254	0.0856051492938675	-0.0418664565826734	-0.119335915188252	0.0126965862732366	-0.00790471930696492
-0.111105257906968	0.00762928988072409	-0.045187656684191	-0.108786994469769	-0.0512217182547684	0.00790550850302839	0.136587215010619	0.150247080845958	0.011016256320885	-0.0462563596871542	0.227203364711116	-0.037631104374007	-0.0668708185350825	0.084404913613615	0.108363590781588	-0.0917173412747471	-0.014093331773356	-0.0687813306726888	-0.0274965115889823	-0.0497123807828899	-0.0710305394543092	-0.0318074950870899	-0.0417349239053861	-0.0190488253901738	-0.0392094965014606	0.0287304196346195	-0.0971068927266136	-0.00487946772934585	-0.0870972559850137	-0.0744438124299275	0.0156659364630085	-0.0452994594598843	-0.0958935037786341	-0.049455892062179	-0.0930754161677444	-0.071776987397918	-0.064092190727379	-0.0133271539281543	0.0261326492581852	0.0096220099416344	-0.0322645711406652	0.0930597637791528	-0.0314852400277348	-0.132163639540743	-0.0659533781109991	0.128718272591876	-0.0776729396573434	-0.101542832268146	0.0584403631170023	-0.0345039149714901
-0.0492783229478413	0.000565985110369171	-0.047318486056253	-0.0482753862835211	-0.00353454610407779	0.00988507529621006	-0.0283153025050983	0.011016256320885	0.19399484931188	-0.0311235251651933	-0.0159610957908428	-0.0295681512562654	-0.0193480622310033	-0.0213078991225915	0.00758325344367326	-0.03021923800884	-0.00898986389458941	-0.0370424956431441	-0.0394922917576291	-0.0738749336006572	-0.031399743787498	-0.000726323443983314	-0.0290683270825708	-0.00934171380633413	-0.0204595133540853	-0.0146687872364902	-0.0522147899682892	-0.0509093281462086	-0.0392456679877146	-0.0282363828987255	-0.0103051906674673	-0.00731282225916986	-0.0782944315575284	-0.00472820515046459	-0.039469273539104	-0.0245830627870579	-0.0598108020816591	0.00476516583278231	-0.0305842411883129	-0.00253818607362275	0.00818830375919728	0.00921425864204201	-0.0375620497184311	-0.0534018723808132	-0.0449015731110897	-0.000670422056136059	-0.00515897466858211	-0.0239319760344833	-0.0398737365217642	-0.0221661498418947
-0.0573906008195662	-0.0356614025316215	-0.0398112585000524	-0.0355068516358095	-0.028910487869826	0.0116377482210698	-0.0148891044709469	-0.0462563596871542	-0.0311235251651933	0.396607785406007	-0.0683012364005886	-0.0113738936704305	-0.0218702013179969	-0.0141295032596103	-0.0255202331127333	-0.036194109874638	0.00377867075312377	0.00236140615534757	-0.0120907467616491	-0.0459801410648485	0.000605444913555751	-0.0152508193334886	-0.0324125454026139	-0.0250171206221077	-0.0111437114851771	-0.0203148274090688	-0.0387885919341401	-0.0404426153510332	-0.0320672721247333	-0.0370063241568906	0.0198914237208793	-0.0213440706088458	-0.0628952433640589	0.00162811147946826	-0.0765187404141424	-0.058673044423122	-0.0158032565780976	-0.00236061695928433	-0.0773342430133268	-0.0379434944825657	-0.00913126152267356	-0.0214229902152184	-0.0167371385868407	-0.0279733175441507	-0.0571242471480581	-0.0270328589015432	-0.0191902230182581	-0.0402650462366956	-0.0690312427595342	-0.0182760709111074
-0.0923750046611862	0.0396772267018978	-0.0687122760171118	-0.119322761920521	-0.0627439807851793	-0.00197259556128512	0.154495389023352	0.227203364711116	-0.0159610957908428	-0.0683012364005886	0.0836323564335533	-0.037973089334955	-0.069185793655348	0.0784727898679342	0.121174873549421	-0.104554930578036	-0.0236426041444499	-0.06632824624127	-0.0358948730338077	-0.055808920375179	-0.0802509801321839	-0.0111042516819907	-0.0386241760875298	-0.0683867326408251	-0.0660224327665761	0.0053702161483061	-0.100901610466366	-0.0037417100708061	-0.0834932606273286	-0.090076471125582	-0.0228205249114012	-0.0510671673589552	-0.0957422411997539	-0.0354936983680803	-0.0973633814473254	-0.0754072892910603	-0.0692022352400097	-0.0325769612492233	0.112273399613968	0.0727445417720516	-0.0161649714406388	0.120668472741862	-0.0135770660150012	-0.122476257858498	-0.0685971849244855	0.134624089802098	-0.0280325072489299	-0.109941193712971	0.0756908737432984	-0.0221858797434876
0.0299898450196503	-0.032790701849816	-0.0149088343725402	-0.014057160287102	-0.0166680839312648	-0.0147575717936593	-0.058712504226307	-0.037631104374007	-0.0295681512562654	-0.0113738936704305	-0.037973089334955	-0.0427245100029684	-0.0171909263234837	0.00715577224248823	-0.0145931559470495	0.0480624348789951	-0.0507317590318712	-0.0401466668271362	-0.0351977498441831	-0.0294629251144351	-0.0289137761867585	-0.0485516049058264	-0.0703169746800242	-0.046808796931762	-0.0059711889508343	-0.0276379092170669	-0.0207916333642371	-0.0423399742209102	-0.00946666984975766	0.0133805561951333	-0.012258450925191	-0.0207751917795761	0.0572039559504992	-0.0467989319809665	0.0499926769181946	-0.0451153137116821	-0.0200024373005102	-0.0285915211274033	-0.0435533631688897	-0.00876625834320024	-0.0113574520857697	-0.0246356758579725	-0.0342540028846431	-0.0251026168623446	0.00345641569376866	-0.0364933467154676	-0.00530366061359877	-0.00204493853379351	-0.0306467192100251	-0.0142544593030336
-0.00599091885242744	-0.0296404942287736	-0.039051657288715	-0.0166615072974002	-0.0174638566288554	-0.0102920373997384	-0.0389562960976812	-0.0668708185350825	-0.0193480622310033	-0.0218702013179969	-0.069185793655348	-0.0171909263234837	0.149530227754739	-0.0622014084913669	-0.0311728499191762	0.0400323649305745	-0.0115744810032945	-0.0342013898137276	-0.0202096012672383	-0.0496597677119749	0.00925700676216056	-0.00627042579166402	0.0222754534967205	-0.012255162608259	-0.0340599921856432	-0.0305710879205849	-0.0214229902152185	-0.0382032715202089	-0.0217715518100311	-0.0161879896591641	-0.0074640848380508	-0.000854567804338802	-0.0187298586477506	-0.0102723074981453	-0.0469863660461011	-0.0317713236008357	-0.0418434383641483	-0.0236327391936534	-0.0593109779079667	-0.0541187254720317	-0.014619462482507	-0.0255958644021737	0.000957294825300561	-0.0193217556955458	-0.0317022689452597	-0.0543883674604721	-0.00215345299255596	-0.0131989095677987	-0.0284830066686408	0.00467966959254528
-0.0891721839692274	-0.0182826475449723	-0.0434777318794489	-0.0709055834108861	-0.0261647432314435	0.0178362256382579	0.0524720678850682	0.084404913613615	-0.0213078991225915	-0.0141295032596103	0.0784727898679342	0.00715577224248823	-0.0622014084913669	0.0140778766837653	0.016685314711989	-0.0500543657438396	-0.0235636845380776	-0.0521095638264604	-0.0423925872918249	-0.0473447925917097	-0.0191737814335971	-0.0434152538577368	-0.0648517919387149	-0.024902029529481	-0.0268125416670862	-0.00573114181478407	-0.0339054412898299	-0.0332576428541878	-0.0431324586015693	-0.0673081646870637	0.00652441539150669	-0.0248461281416336	-0.0511066271621406	-0.0281804815108786	-0.0607841438935903	-0.0470488440678133	-0.030650007526957	0.00761942492992774	-0.0175361996013641	-0.00889121438662348	-0.0141130616749492	0.0199604783764551	-0.0394758501729685	-0.0635364651658377	0.0151694006062472	0.0594005516612031	-0.0213769537781678	-0.0506725693270921	0.0300621879921582	-0.0280259306150658
-0.08198392315545	0.0362573770924141	-0.0887381261341791	-0.103177125783445	-0.0415014534031999	-0.018874544592767	0.0545634374539449	0.108363590781588	0.00758325344367326	-0.0255202331127333	0.121174873549421	-0.0145931559470495	-0.0311728499191762	0.016685314711989	0.0731755085891679	-0.0696658879274493	-0.00486631446161677	-0.0646512046058517	-0.0291209401534865	-0.0930984343862694	-0.0621323538357905	-0.0105781209728395	-0.0441814317029389	-0.0229750758072147	-0.0188022016202593	0.0254618326040175	-0.0646972410429011	-0.0130805301582397	-0.0579759212334962	-0.0443359825987516	-0.0244318002081772	-0.0533361060421691	-0.0643059313279705	-0.0394067955173921	-0.119526637570319	-0.0505476132836675	-0.0801852137935403	0.00675130925982817	0.00888871526575481	0.0403875031592508	-0.0416165444958277	0.088640265822283	-0.0370556489108731	-0.0867651359748621	-0.0489988160086028	0.119530715083323	-0.0240536437609739	-0.0684755171979945	0.0555006077796211	-0.0185358479487513
0.0653458286746122	-0.057117670514193	0.0143637629578595	0.0379048238754434	0.00109540413645269	-0.0464832535554759	-0.080902066884758	-0.0917173412747471	-0.03021923800884	-0.036194109874638	-0.104554930578036	0.0480624348789951	0.0400323649305745	-0.0500543657438396	-0.0696658879274493	-0.082006744074966	-0.0244186469404481	-0.0204101886001025	-0.0271347967264412	0.00819488039306167	0.0103881877868357	-0.0469008698058648	-0.0172040795912122	-0.0250993285454123	-0.0117191669483111	-0.0651181456102237	0.0487628463855528	-0.0349346844896071	-0.00847359813623468	-0.00634276876417239	-0.0221168250879117	0.0183623563474083	0.0338634823657762	-0.0130871067921041	-0.00540888675542911	-0.00679984481774763	-0.00963766233023172	-0.00474464673512567	-0.069688906145974	-0.043944672883821	-0.0149680240773199	-0.0877647843222489	-0.0105715443389749	0.0041699804680549	0.00806663603270605	-0.0851538606780866	-0.0199300943280021	0.0270632429499963	-0.0434645786117202	0.00827708831636648
-0.0558089203751795	-0.0161583948067743	-0.0270493004862041	-0.0455986963007149	-0.0238760746466356	-0.0158821761844699	-0.0450396824222424	-0.014093331773356	-0.00898986389458941	0.00377867075312377	-0.0236426041444499	-0.0507317590318712	-0.0115744810032945	-0.0235636845380776	-0.00486631446161677	-0.0244186469404481	0.0842571366506739	-0.03288606304085	-0.0167568684884333	-0.0335470147442211	-0.0188581030081063	-0.0182727825941755	0.0216177901102813	0.00944772914422791	-0.0454046856017155	-0.0335305731595602	-0.0398375650355099	-0.00120970603301609	-0.010755690087178	-0.0544968819192338	-0.0112456493100751	-0.0322579945068008	-0.039939502860408	-0.0235899910735349	-0.0538918316037096	-0.0340731454533723	-0.00632961549644354	-0.0149186993233366	-0.0325111949105797	-0.0309360911000583	0.0108649937420042	-0.00126231910393107	-0.00561933903908947	-0.040695815754813	-0.0282495361664552	-0.0262732576902055	-0.0139913939484577	-0.014185404647457	-0.02914067005508	0.00599499636542325
0.0320516197361367	-0.0657495024612036	0.00408777254475007	0.0286153285419928	-0.00457694257158369	-0.00184435120092964	-0.0650359376869173	-0.0687813306726888	-0.0370424956431441	0.00236140615534757	-0.06632824624127	-0.0401466668271362	-0.0342013898137276	-0.0521095638264604	-0.0646512046058517	-0.0204101886001025	-0.03288606304085	-0.00407363278194639	0.00829681821795998	-0.00323202094631582	-0.0128766545084436	-0.0313635723012439	-0.0539510213084901	-0.0358685664983504	-0.0395876529486631	-0.056157481969992	0.0379936084326128	-0.0516228929204951	0.0113385113802399	0.0468457576140817	-0.0318995679611912	-0.0185490012164801	0.00402200620610608	-0.0396402660195785	0.0216375200118747	0.0447445230944103	0.0225056356819742	-0.0220905185524541	-0.0408339250659652	-0.0402453163351009	-0.0503996390217189	-0.0345762579439983	-0.0640889024104461	0.0460138134302375	0.000585715011962527	-0.0632043451556863	-0.00751669790896618	0.0264877874868623	-0.0583442127299016	-0.0237017938492297
-0.0651017040255609	-0.0114758314953286	-0.0636351146738038	-0.0290781920333683	-0.0308670364444819	-0.0399723860297299	-0.0273682672286267	-0.0274965115889823	-0.0394922917576291	-0.0120907467616491	-0.0358948730338077	-0.0351977498441831	-0.0202096012672383	-0.0423925872918249	-0.0291209401534865	-0.0271347967264412	-0.0167568684884333	0.00829681821795998	0.296511417989983	-0.0296865306658244	0.0122954116075088	0.000549543525708346	-0.0187495885493441	-0.0289466593560801	-0.0632470932758045	-0.047098168821796	-0.0231526449215528	0.0148175506945024	-0.0456973458086808	-0.0337015656400343	-0.0517774438163094	-0.037933629531768	-0.0507120291302777	-0.0353490124230638	-0.0207653268287793	-0.0382690378588527	-0.0167733100730948	-0.0340764337703043	-0.0115514627847691	-0.0277332704081	-0.00122285930074474	-0.0266678557220693	0.0173133832460383	-0.0289433710391485	-0.0115646160524978	-0.0390187741193935	-0.0198314448200362	-0.0129555741148164	-0.0348163050800486	-0.00625727252393527
-0.00445198652815995	-0.0381309285477007	-0.0133435955128154	-0.0387984568849364	0.0139987597783856	-0.0107260952347883	-0.0448160768708524	-0.0497123807828899	-0.0738749336006572	-0.0459801410648485	-0.055808920375179	-0.0294629251144351	-0.0496597677119749	-0.0473447925917097	-0.0930984343862694	0.00819488039306167	-0.0335470147442211	-0.00323202094631582	-0.0296865306658244	-0.0155893186784909	-0.00334382372201052	-0.0348195933969807	-0.0279766058610828	-0.0547796771754034	-0.0293971587757911	-0.0203181157260009	0.0146432698970958	0.0105230087810557	-0.00395545067139888	-0.0133337305620187	-0.048015609245877	-0.00260395241226675	0.00862236159424693	-0.026490286607731	0.0768779561558226	-0.0183944503206671	0.158474252511308	-0.0393574707634093	0.0316701749720015	0.0133509613427433	-0.027549124659898	-0.0452665762905615	-0.017891337830041	-0.0136724272060349	0.0106117933382251	-0.0498899498972287	-0.0400743238546272	-0.0506265328900411	-0.0690345310764669	-0.0329123695763077
0.00744185581558921	-0.0454737402572911	-0.000627673936017473	-0.0147378418920663	-0.0224456567811308	-0.0241522932689405	-0.082082572663416	-0.0710305394543092	-0.031399743787498	0.000605444913555751	-0.0802509801321839	-0.0289137761867585	0.00925700676216056	-0.0191737814335971	-0.0621323538357905	0.0103881877868357	-0.0188581030081063	-0.0128766545084436	0.0122954116075088	-0.00334382372201052	0.164393420288266	-0.00401792869311053	-0.0280851203198454	-0.0111535764359738	-0.0510441491404288	-0.0672851464685386	-9.82549099340842e-05	-0.0413764973597765	0.00760955997913118	0.00267050794697401	-0.0463155493919333	-0.00682286303627272	0.0164058077727526	-0.0187068404292255	-0.00362990729511156	-0.00107488503879594	-0.00555686101737782	-0.00888463775275901	-0.0419322229213182	-0.0554833769988923	-0.0273288074254407	-0.0708595469738355	-0.00879256487865775	-0.0078619711868466	-0.0158032565780972	-0.0562462665271616	-0.00565551052534356	-0.0384038588530718	-0.0553321144200106	-0.0358159534274359
-0.0422840728330629	0.0041075024463435	-0.0598897216880343	-0.0504884235788881	0.00641918924967623	-0.0224160619287414	-0.0343099042724902	-0.0318074950870899	-0.000726323443983314	-0.0152508193334886	-0.0111042516819907	-0.0485516049058264	-0.00627042579166402	-0.0434152538577368	-0.0105781209728395	-0.0469008698058648	-0.0182727825941755	-0.0313635723012439	0.000549543525708346	-0.0348195933969807	-0.00401792869311053	0.0583649291265673	-0.0136888687906959	-0.0164872264999937	-0.0432245314756704	-0.0341454884258808	-0.00806255851971015	-0.0194171168865796	-0.0315937544864973	-0.0255169447958011	-0.0426063278924179	-0.0141295032596101	-0.0017522783268281	0.000621886498216614	-0.0454638753064953	-0.0302488328612296	-0.00710894660937363	-0.0150403670498281	-0.0380585855751925	-0.0200418971036966	-0.0119460608166327	-0.00516555130244651	0.0182637068394425	-0.0373647507024995	-0.0517182541115294	0.0114207193035448	0.00101319621314786	-0.0337081422738986	-0.0322218230205465	-0.00958176094238439
-0.0510605907250909	-0.0406760858532194	-0.0278911096208456	-0.0410147824972356	-0.0105781209728394	-0.0302060847411112	-0.0445661647840061	-0.0417349239053861	-0.0290683270825708	-0.0324125454026139	-0.0386241760875298	-0.0703169746800242	0.0222754534967205	-0.0648517919387149	-0.0441814317029389	-0.0172040795912122	0.0216177901102813	-0.0539510213084901	-0.0187495885493441	-0.0279766058610828	-0.0280851203198454	-0.0136888687906959	0.0654742703339735	0.127971824648269	-0.0334220587007977	0.0129793815294054	-0.0319653342998354	0.00140121761114675	-0.0489198964022312	-0.0173586304870256	0.00517620544930665	-0.000874297705932205	-0.0501530152518047	0.121898303274504	-0.0438821948621096	-0.0413271726057943	-0.0155566328081827	-0.0159249243045884	-0.035490410051148	-0.0155007314203354	-0.0128306180713932	-0.0571834368528367	0.00422588185590242	-0.064884675108038	-0.0361612267053164	-0.0517774438163082	-0.00940748014497817	-0.0234124219591966	-0.0454375687710345	-0.00471176356580351
-0.0326493042217317	0.00700122134667472	-0.0533788541622881	-0.0329616943302907	-0.0322843010422578	0.00185171703085743	-0.0291143635196222	-0.0190488253901738	-0.00934171380633413	-0.0250171206221077	-0.0683867326408251	-0.046808796931762	-0.012255162608259	-0.024902029529481	-0.0229750758072147	-0.0250993285454123	0.00944772914422791	-0.0358685664983504	-0.0289466593560801	-0.0547796771754034	-0.0111535764359738	-0.0164872264999937	0.127971824648269	0.0286385440595232	-0.00991388095253611	0.117380155809667	-0.0446286428057178	-0.0426655175971975	-0.00962779737943498	-0.0607677023089289	0.00451525374593543	-0.0194565766897657	-0.0884651958288058	0.0146958829680111	-0.0302389679104329	-0.0467561838608478	-0.0183549905174803	-0.0285882328104707	-0.0387820153002756	-0.00333724708814611	-0.0176019659400081	0.0100593560936161	-0.0186312091397849	-0.0635726366520905	-0.0522772679900021	-0.0394495436375115	-0.0118770061610565	-0.0548191369785887	-0.053990481111676	0.0136995229375559
0.01295636331088	-0.0268059650332215	-0.0227350286711637	0.110471401935126	0.00296316815393945	-0.0525074501752558	-0.0819937881062467	-0.0392094965014606	-0.0204595133540853	-0.0111437114851771	-0.0660224327665761	-0.0059711889508343	-0.0340599921856432	-0.0268125416670862	-0.0188022016202593	-0.0117191669483111	-0.0454046856017155	-0.0395876529486631	-0.0632470932758045	-0.0293971587757911	-0.0510441491404288	-0.0432245314756704	-0.0334220587007977	-0.00991388095253611	0.204688455975371	-0.0228040833267404	-0.0396336893857141	-0.0518103269856313	-0.00265985380011405	-0.0404820751542199	-0.0370194774246186	-0.0092003161782498	-0.018361567151345	-0.0344019771465918	0.0406867400000821	-0.00904247696550419	-0.0666307713990331	-0.0370753788124662	-0.065519320275952	-0.0491467902705535	-0.0287197654877588	-0.0725793367293726	-0.0269539392951703	0.00143410078046869	0.0546555103280445	-0.0365919962234335	-0.0236524690952466	0.0121605906132886	-0.010028972045163	-0.024218059607584
-0.0774361808382251	0.00907286101395765	-0.0667623040763201	-0.0884356009764162	-0.0366248793927555	-0.0182727825941758	0.0178428022721218	0.0287304196346195	-0.0146687872364902	-0.0203148274090688	0.0053702161483061	-0.0276379092170669	-0.0305710879205849	-0.00573114181478407	0.0254618326040175	-0.0651181456102237	-0.0335305731595602	-0.056157481969992	-0.047098168821796	-0.0203181157260009	-0.0672851464685386	-0.0341454884258808	0.0129793815294054	0.117380155809667	-0.0228040833267404	0.0419891108042389	-0.0483115577697762	0.0371748175164963	-0.0550723373823681	-0.072178162063645	0.00724455679965739	-0.0413896506275059	-0.0544968819192344	-0.0238431914773142	-0.0510211309219037	-0.0321889398512246	-0.0614977086678765	-0.00760877078306749	-0.014678652187286	0.0217526111045014	0.014393357810249	0.028572580421874	-0.0372759661453303	-0.0254939265772757	-0.0615503217387914	0.0239492068152082	-0.00635263371496889	-0.0760945475298897	0.0192732201376267	-0.00922004607984305
0.0229627117355495	-0.0582324099542064	-0.00220606606347122	0.0144295292965038	-0.0228731379823164	-0.0477624088420984	-0.0986228068323549	-0.0971068927266136	-0.0522147899682892	-0.0387885919341401	-0.100901610466366	-0.0207916333642371	-0.0214229902152185	-0.0339054412898299	-0.0646972410429011	0.0487628463855528	-0.0398375650355099	0.0379936084326128	-0.0231526449215528	0.0146432698970958	-9.82549099340842e-05	-0.00806255851971015	-0.0319653342998354	-0.0446286428057178	-0.0396336893857141	-0.0483115577697762	0.00586366098714275	-0.0656442763193742	0.00422259353897014	0.0517321965753246	-0.023067148681316	-0.0102098294764336	0.057411119917227	-0.0110779451465332	0.000381839362166326	-0.0462234765178316	0.0306803915754111	-0.0375916445708208	-0.0193414855971393	-0.0475256500229804	-0.00901288211311456	-0.0569828495199722	-0.0447338689475482	0.033801004344064	-0.0325079065936476	-0.0920231547494403	0.00180896891073882	0.0604758312980323	0.0100067430227009	-0.00401792869311058
-0.0393607590803417	-0.0197689667983244	-0.0523627642302398	-0.0362204164100957	-0.0431061520661117	-0.00469532198114262	0.046217689080035	-0.00487946772934585	-0.0509093281462086	-0.0404426153510332	-0.0037417100708061	-0.0423399742209102	-0.0382032715202089	-0.0332576428541878	-0.0130805301582397	-0.0349346844896071	-0.00120970603301609	-0.0516228929204951	0.0148175506945024	0.0105230087810557	-0.0413764973597765	-0.0194171168865796	0.00140121761114675	-0.0426655175971975	-0.0518103269856313	0.0371748175164963	-0.0656442763193742	0.254111859466263	-0.0627045209819932	-0.0311432550667869	-0.0312978059625995	-0.0603665276432009	-0.0423991639256889	-0.0198018499676464	-0.0170561053292636	-0.045740093928798	-0.00846044486850591	-0.00586925112593618	-0.0173783603886187	0.00951678379980372	-0.0285882328104709	-0.00668146540818834	-0.0467167240576612	-0.0617344674869953	-0.0223239890546399	0.0215783303070957	-0.0434152538577375	-0.0340731454533717	-0.0375193015983126	-0.0410213591310999
0.0245871403000538	0.00307497092963398	0.0107630559171057	0.0153962944745686	-0.0534742153533219	-0.0351221185547424	-0.0849960214653411	-0.0870972559850137	-0.0392456679877146	-0.0320672721247333	-0.0834932606273286	-0.00946666984975766	-0.0217715518100311	-0.0431324586015693	-0.0579759212334962	-0.00847359813623468	-0.010755690087178	0.0113385113802399	-0.0456973458086808	-0.00395545067139888	0.00760955997913118	-0.0315937544864973	-0.0489198964022312	-0.00962779737943498	-0.00265985380011405	-0.0550723373823681	0.00422259353897014	-0.0627045209819932	0.00829043888310821	0.0102796733280733	-0.0398572949371032	-0.0273288074254403	0.0177671709826811	-0.0316496558743438	0.0145018722690117	0.00160180494401079	0.0186583048713061	-0.0213342056580492	-0.0185391362656836	-0.0355430231220631	-0.0475059201213884	-0.0805140454867602	-0.0115415978339728	0.0975746229270551	0.00874074100380609	-0.0532407448511358	-0.00774688009421964	0.0119534266465605	-0.0352273446965725	-0.0290288672793854
0.101527179879555	-0.0360625771973497	-0.0134126501683916	-0.00598434221856314	-0.0344085537804557	-0.0412120815131665	-0.0810566177805708	-0.0744438124299275	-0.0282363828987255	-0.0370063241568906	-0.090076471125582	0.0133805561951333	-0.0161879896591641	-0.0673081646870637	-0.0443359825987516	-0.00634276876417239	-0.0544968819192338	0.0468457576140817	-0.0337015656400343	-0.0133337305620187	0.00267050794697401	-0.0255169447958011	-0.0173586304870256	-0.0607677023089289	-0.0404820751542199	-0.072178162063645	0.0517321965753246	-0.0311432550667869	0.0102796733280733	-0.00273857610747841	-0.0323007426269193	-0.0449278796465469	0.0665921007919162	-0.0163655587735029	0.0115358103961717	0.0752535275913182	-0.0451416202471401	-0.0320278123215464	-0.035973792640181	-0.0611984718270475	-0.0434021005900092	-0.0644078691528685	-0.0376902940787863	0.0248962420916805	0.011035986222478	-0.0959954416035318	-0.0554340522449088	0.120132477081916	-0.000377761849170921	-0.0428463750284673
-0.0528494351362042	-0.013034493721189	-0.0158690229167414	-0.0143596854448637	-0.0365360948355861	-0.000591502449763252	0.00543598248695015	0.0156659364630085	-0.0103051906674673	0.0198914237208793	-0.0228205249114012	-0.012258450925191	-0.0074640848380508	0.00652441539150669	-0.0244318002081772	-0.0221168250879117	-0.0112456493100751	-0.0318995679611912	-0.0517774438163094	-0.048015609245877	-0.0463155493919333	-0.0426063278924179	0.00517620544930665	0.00451525374593543	-0.0370194774246186	0.00724455679965739	-0.023067148681316	-0.0312978059625995	-0.0398572949371032	-0.0323007426269193	0.0536757891812547	-0.0166384890788746	-0.0396106711671884	-0.00501100040663355	-0.049123772052027	-0.0413074427042012	-0.0377330421989051	0.00349587549695504	-0.0348130167631159	0.000138503909183947	-0.0190586903409703	-0.000604655717491972	-0.0120315570568696	-0.0431620534539591	-0.0560358142435014	-0.0594852587053724	-0.00396202730526309	-0.048712732435504	-0.0248658580432265	-0.00156813257862521
-0.018453640025446	-0.0241818881213302	0.00175635583982375	-0.0353720306415892	0.0138080373963184	-0.029495808283757	-0.055200581742724	-0.0452994594598843	-0.00731282225916986	-0.0213440706088458	-0.0510671673589552	-0.0207751917795761	-0.000854567804338802	-0.0248461281416336	-0.0533361060421691	0.0183623563474083	-0.0322579945068008	-0.0185490012164801	-0.037933629531768	-0.00260395241226675	-0.00682286303627272	-0.0141295032596101	-0.000874297705932205	-0.0194565766897657	-0.0092003161782498	-0.0413896506275059	-0.0102098294764336	-0.0603665276432009	-0.0273288074254403	-0.0449278796465469	-0.0166384890788746	-0.00709230772570713	0.00744514413252129	-0.00777318662967711	0.0140447962154366	0.00607720428872795	-0.0151751880440481	-0.0231066084845023	-0.0318206483548185	-0.0417546538069792	-0.0306993322809406	-0.0461149620590696	0.00592265339291495	0.00126310829999472	-0.0106241574098902	-0.0139091860251529	-0.0368123134578901	-0.00165691713579457	-0.0310807770450748	-0.0408306367490323
0.0531132896868467	-0.0412350997316926	0.0524424730326773	0.00265406636231313	0.0140184896799789	-0.0853511596940178	-0.10743878452757	-0.0958935037786341	-0.0782944315575284	-0.0628952433640589	-0.0957422411997539	0.0572039559504992	-0.0187298586477506	-0.0511066271621406	-0.0643059313279705	0.0338634823657762	-0.039939502860408	0.00402200620610608	-0.0507120291302777	0.00862236159424693	0.0164058077727526	-0.0017522783268281	-0.0501530152518047	-0.0884651958288058	-0.018361567151345	-0.0544968819192344	0.057411119917227	-0.0423991639256889	0.0177671709826811	0.0665921007919162	-0.0396106711671884	0.00744514413252129	-0.0148921954888646	-0.0473513692255751	0.0642376658684642	-0.00209755160470868	-0.0238431914773139	-0.0335831862304753	-0.0528198402838146	-0.0533821424792192	-0.0267073155252548	-0.0745128670855036	-0.00471834019966802	0.110316851039312	-0.000384338483035117	-0.0562824380134158	-0.0377527721004979	0.0256821498384747	-0.0262666810563416	-0.0503207194153464
-0.0280357955658626	-0.0332707961219167	-0.0425175433352487	-0.00845386823464154	-0.0128733661915115	-0.000440239870882276	-0.0116764188281927	-0.049455892062179	-0.00472820515046459	0.00162811147946826	-0.0354936983680803	-0.0467989319809665	-0.0102723074981453	-0.0281804815108786	-0.0394067955173921	-0.0130871067921041	-0.0235899910735349	-0.0396402660195785	-0.0353490124230638	-0.026490286607731	-0.0187068404292255	0.000621886498216614	0.121898303274504	0.0146958829680111	-0.0344019771465918	-0.0238431914773142	-0.0110779451465332	-0.0198018499676464	-0.0316496558743438	-0.0163655587735029	-0.00501100040663355	-0.00777318662967711	-0.0473513692255751	0.0166559171586049	-0.0672226684468282	-0.0548026953939289	-0.0369241162335854	-0.0123011990453094	-0.0331820115647474	-0.0337443137601527	0.00559053338276316	-0.0224851165843174	-0.000371185215306273	-0.0502450881259057	-0.035332570838403	-0.0445365699316158	-0.0115383095170403	-0.0245567562516003	-0.0266875856236613	-0.00141686999974425
0.0564246248375659	-0.0597910721800681	0.0606862835816913	-0.00192655912423442	-0.0109497007861774	-0.0578706950916659	-0.10429186522346	-0.0930754161677444	-0.039469273539104	-0.0765187404141424	-0.0973633814473254	0.0499926769181946	-0.0469863660461011	-0.0607841438935903	-0.119526637570319	-0.00540888675542911	-0.0538918316037096	0.0216375200118747	-0.0207653268287793	0.0768779561558226	-0.00362990729511156	-0.0454638753064953	-0.0438821948621096	-0.0302389679104329	0.0406867400000821	-0.0510211309219037	0.000381839362166326	-0.0170561053292636	0.0145018722690117	0.0115358103961717	-0.049123772052027	0.0140447962154366	0.0642376658684642	-0.0672226684468282	0.0410552287955022	0.0142026354281817	0.0578945025062584	-0.0355331581712668	0.0442085274344614	-0.0604290056649135	-0.0347406737906074	-0.102933790330464	-0.0430042142412136	0.0305981836521058	0.0221636507210263	-0.0950615595947891	-0.0571308237819227	0.0340903762340971	-0.0346288710149132	-0.0355002750019449
0.0233014083795658	-0.0570716340771433	-0.0171580431541612	0.00687626530325146	-0.0427575904712987	-0.0212815925871341	-0.0956534566425829	-0.071776987397918	-0.0245830627870579	-0.058673044423122	-0.0754072892910603	-0.0451153137116821	-0.0317713236008357	-0.0470488440678133	-0.0505476132836675	-0.00679984481774763	-0.0340731454533723	0.0447445230944103	-0.0382690378588527	-0.0183944503206671	-0.00107488503879594	-0.0302488328612296	-0.0413271726057943	-0.0467561838608478	-0.00904247696550419	-0.0321889398512246	-0.0462234765178316	-0.045740093928798	0.00160180494401079	0.0752535275913182	-0.0413074427042012	0.00607720428872795	-0.00209755160470868	-0.0548026953939289	0.0142026354281817	0.25990587390079	-0.004165902955059	-0.0612576615318266	-0.0239352643514156	-0.0711916669839876	-0.051422305587631	-0.0697974206047363	-0.00953901282226588	0.00980615568983702	-0.0287164771708268	-0.0494295855267207	0.0555828157029261	0.0213547247557061	-0.040294641089085	-0.0217649751761666
-0.0393837772988668	-0.044618777854921	0.0441263195111578	0.0152187253602302	-0.0280029123965405	-0.0389168362944952	-0.045549371546732	-0.064092190727379	-0.0598108020816591	-0.0158032565780976	-0.0692022352400097	-0.0200024373005102	-0.0418434383641483	-0.030650007526957	-0.0801852137935403	-0.00963766233023172	-0.00632961549644354	0.0225056356819742	-0.0167733100730948	0.158474252511308	-0.00555686101737782	-0.00710894660937363	-0.0155566328081827	-0.0183549905174803	-0.0666307713990331	-0.0614977086678765	0.0306803915754111	-0.00846044486850591	0.0186583048713061	-0.0451416202471401	-0.0377330421989051	-0.0151751880440481	-0.0238431914773139	-0.0369241162335854	0.0578945025062584	-0.004165902955059	0.0358859945780834	-0.0417349239053866	0.068752525016367	-0.0531486719770343	-0.0305842411883136	-0.0530697523706617	-0.0401631084117973	-0.0183517022005485	-0.0246488291257017	-0.067722492620522	-0.0312714994271419	-0.0429746193888233	-0.074864716997248	-0.016710832051383
-0.0127878699512746	0.00417326878498719	-0.0448621133079037	-0.0336522408860515	-0.00798363891333749	-0.0169245726519758	-0.0110615035618722	-0.0133271539281543	0.00476516583278231	-0.00236061695928433	-0.0325769612492233	-0.0285915211274033	-0.0236327391936534	0.00761942492992774	0.00675130925982817	-0.00474464673512567	-0.0149186993233366	-0.0220905185524541	-0.0340764337703043	-0.0393574707634093	-0.00888463775275901	-0.0150403670498281	-0.0159249243045884	-0.0285882328104707	-0.0370753788124662	-0.00760877078306749	-0.0375916445708208	-0.00586925112593618	-0.0213342056580492	-0.0320278123215464	0.00349587549695504	-0.0231066084845023	-0.0335831862304753	-0.0123011990453094	-0.0355331581712668	-0.0612576615318266	-0.0417349239053866	0.0565234716445411	-0.0570650574432779	-0.0306631607946858	-0.0250335622067685	-0.0243364390171433	-0.0176775972294484	-0.0377922319036846	-0.0232085463093995	-0.0271512383111019	-0.00385351284650083	-0.0231197617522308	-0.0407056807056093	-0.0123110639961063
-0.063756782400295	-0.00273219677262223	0.0613505236019961	-0.0160597452988085	-0.0313306891319217	-0.0238300382095852	0.0336596067159803	0.0261326492581852	-0.0305842411883129	-0.0773342430133268	0.112273399613968	-0.0435533631688897	-0.0593109779079667	-0.0175361996013641	0.00888871526575481	-0.069688906145974	-0.0325111949105797	-0.0408339250659652	-0.0115514627847691	0.0316701749720015	-0.0419322229213182	-0.0380585855751925	-0.035490410051148	-0.0387820153002756	-0.065519320275952	-0.014678652187286	-0.0193414855971393	-0.0173783603886187	-0.0185391362656836	-0.035973792640181	-0.0348130167631159	-0.0318206483548185	-0.0528198402838146	-0.0331820115647474	0.0442085274344614	-0.0239352643514156	0.068752525016367	-0.0570650574432779	-0.0118735205451158	0.00271325606709271	-0.0276642157525244	-0.00411328988414428	-0.037243082976008	-0.0463418559273912	-0.0287986850941316	-0.0112029011899566	-0.0377231772481085	-0.0573182578470583	-0.00108146167266052	-0.0463451442443227
-0.0197623901644601	0.0156133233920938	-0.0656475646363053	-0.0644670588576486	-0.0484989918349111	0.0237815026516662	0.0569376022789898	0.0096220099416344	-0.00253818607362275	-0.0379434944825657	0.0727445417720516	-0.00876625834320024	-0.0541187254720317	-0.00889121438662348	0.0403875031592508	-0.043944672883821	-0.0309360911000583	-0.0402453163351009	-0.0277332704081	0.0133509613427433	-0.0554833769988923	-0.0200418971036966	-0.0155007314203354	-0.00333724708814611	-0.0491467902705535	0.0217526111045014	-0.0475256500229804	0.00951678379980372	-0.0355430231220631	-0.0611984718270475	0.000138503909183947	-0.0417546538069792	-0.0533821424792192	-0.0337443137601527	-0.0604290056649135	-0.0711916669839876	-0.0531486719770343	-0.0306631607946858	0.00271325606709271	0.0713472043748691	-0.0402288747504413	0.0328112209474731	-0.0312287513070236	-0.0817603176040608	-0.0168653829471964	-0.00601064875402059	-0.0246389641749053	-0.045056124006903	-0.00230142725450468	-0.0370424956431438
